1 29.316937 121.440633
1 29.31385 121.440816
1 29.312235 121.44931
1 29.315228 121.447772
1 29.308065 121.434585
1 29.318951 121.440216
1 29.304024 121.438924
1 29.303654 121.434932
1 29.30389 121.437627
1 29.317872 121.434717
2 29.305438 121.438266
2 29.321524 121.443092
2 29.306193 121.440843
2 29.299801 121.443155
2 29.317157 121.437371
2 29.317157 121.437773
2 29.299703 121.443445
2 29.308159 121.450752
2 29.304124 121.482895
2 29.3205517 121.4400565
2 29.3179743 121.4721595
2 29.2985588 121.4510662
3 29.313729 121.445332
3 29.317247 121.445332
3 29.285543 121.418016
3 29.323535 121.544749
3 29.365207 121.443787
3 29.294655 121.460824
3 29.286843 121.443864
3 29.308766 121.432366
3 29.270461 121.403333
3 29.282811 121.407645